,model,lag,alpha,l1_ratio,test_rmse
0,ols,0,,,0.025536156059390018
1,lasso,0,0.0,,0.02553615605942019
2,ridge,0,1.0,,0.024046808863779832
3,elastic_net,0,0.0,0.0,0.02553615605942019
4,ols,1,,,0.02622129355347073
5,lasso,1,0.0,,0.026214418770659803
6,ridge,1,0.0,,0.026221293553014453
7,elastic_net,1,0.1,0.0,0.017905198502750966
8,ols,3,,,0.02792666206285161
9,lasso,3,1.0,,0.017852851634868695
10,ridge,3,0.0,,0.027926662062860083
11,elastic_net,3,0.1,0.0,0.01809576350680971
12,ols,5,,,0.027572498262216912
13,lasso,5,0.7000000000000001,,0.017881924764183394
14,ridge,5,1.0,,0.025972827882077373
15,elastic_net,5,0.1,0.0,0.018119201407705034
16,ols,7,,,0.03089215527428529
17,lasso,7,0.7000000000000001,,0.017937755398594296
18,ridge,7,1.0,,0.029435295765396295
19,elastic_net,7,0.1,0.0,0.018329225102195507
20,ols,10,,,0.031107562604189058
21,lasso,10,0.6000000000000001,,0.017954179997494428
22,ridge,10,1.0,,0.02983208223532612
23,elastic_net,10,0.1,0.0,0.018354114191820037
24,ols,14,,,0.029564709237855768
25,lasso,14,0.7000000000000001,,0.01798556504833843
26,ridge,14,1.0,,0.029448589467750107
27,elastic_net,14,0.30000000000000004,0.0,0.0182791180295697
28,ols,15,,,0.028197538354176908
29,lasso,15,0.6000000000000001,,0.01799451346187411
30,ridge,15,1.0,,0.028509709772423626
31,elastic_net,15,0.6000000000000001,0.0,0.01827252888751475
32,ols,20,,,0.03335953138422692
33,lasso,20,1.0,,0.017995215786697515
34,ridge,20,1.0,,0.03497866259424817
35,elastic_net,20,1.0,1.0,0.017995215786697515
36,ols,21,,,0.03543723720673097
37,lasso,21,1.0,,0.01797631007302601
38,ridge,21,1.0,,0.03697734515733951
39,elastic_net,21,1.0,1.0,0.01797631007302601
40,ols,22,,,0.03439421732894389
41,lasso,22,1.0,,0.017968361189828884
42,ridge,22,1.0,,0.035886156319354094
43,elastic_net,22,1.0,1.0,0.017968361189828884
44,ols,30,,,0.03276496491115997
45,lasso,30,1.0,,0.018054259519671576
46,ridge,30,1.0,,0.03152515118284684
47,elastic_net,30,1.0,1.0,0.018054259519671576
